function [shuffled_dataset,shuffled_targets] = numberVariations()
  
% Variations for Digit "0"
zero_variations = [
    % Digit "0" - Variation 1
    [0 0 1 0 0 ...
     0 1 0 1 0 ...
     1 0 0 0 1 ...
     0 1 0 1 0 ...
     0 0 1 0 0 ...
     0 0 0 0 0 ...
     0 0 0 0 0];
     
     % Digit "0" - Variation 2
    [0 0 0 0 0 ...
     1 1 1 1 1 ...
     1 0 0 0 1 ...
     1 0 0 0 1 ...
     1 0 0 0 1 ...
     1 1 1 1 1 ...
     0 0 0 0 0];
     
     % Digit "0" - Variation 3
    [1 1 1 1 1 ...
     1 0 0 0 1 ...
     1 0 0 0 1 ...
     1 0 0 0 1 ...
     1 0 0 0 1 ...
     1 0 0 0 1 ...
     1 1 1 1 1];
     
     % Digit "0" - Variation 4
    [0 1 1 1 0 ...
     1 1 0 1 1 ...
     1 0 0 0 1 ...
     1 1 0 1 1 ...
     0 1 1 1 0 ...
     0 0 0 0 0 ...
     0 0 0 0 0];
     
     % Digit "0" - Variation 5
    [0 0 0 0 0 ...
     0 1 1 1 0 ...
     0 1 0 1 0 ...
     0 0 1 0 0 ...
     0 0 0 0 0 ...
     0 0 0 0 0 ...
     0 0 0 0 0];
     
     % Digit "0" - Variation 6
    [0 0 0 0 0 ...
     0 0 1 0 0 ...
     0 1 0 1 0 ...
     0 1 0 1 0 ...
     0 1 1 1 0 ...
     0 0 0 0 0 ...
     0 0 0 0 0];
     
      % Digit "0" - Variation 7
    [0 0 0 0 0 ...
     0 1 1 1 0 ...
     0 1 0 1 0 ...
     0 1 0 1 0 ...
     0 1 0 1 0 ...
     0 1 1 1 0 ...
     0 0 0 0 0];
     
      % Digit "0" - Variation 8
    [0 0 0 0 0 ...
     0 1 1 1 0 ...
     1 0 0 0 1 ...
     1 0 0 0 1 ...
     1 0 0 0 1 ...
     1 0 0 0 1 ...
     0 1 1 1 0];
     
      % Digit "0" - Variation 9
    [0 0 0 0 0 ...
     1 1 1 1 1 ...
     1 1 0 1 1 ...
     1 0 0 0 1 ...
     1 1 0 1 1 ...
     1 1 1 1 1 ...
     0 0 0 0 0];
     
     % Digit "0" - Variation 10
    [0 0 0 0 0 ...
     0 0 0 0 0 ...
     0 0 0 0 0 ...
     0 0 0 0 0 ...
     0 1 1 1 0 ...
     1 0 0 0 1 ...
     0 1 1 1 0];
     
     % Digit "0" - Variation 11
    [0 0 0 0 0 ...
     0 0 0 0 0 ...
     0 0 0 0 0 ...
     0 0 0 0 0 ...
     0 0 0 0 0 ...
     0 0 0 0 0 ...
     0 0 0 0 0];
     
     % Digit "0" - Variation 12
    [0 0 0 0 0 ...
     0 0 0 0 0 ...
     0 0 0 0 0 ...
     0 0 0 0 0 ...
     0 1 1 0 0 ...
     1 0 1 0 0 ...
     0 1 0 0 0];
     
     % Digit "0" - Variation 13
    [0 1 1 1 0 ...
     0 1 0 1 0 ...
     0 1 0 1 0 ...
     0 1 1 1 0 ...
     0 0 0 0 0 ...
     0 0 0 0 0 ...
     0 0 0 0 0];
     
     % Digit "0" - Variation 14
    [0 0 0 0 0 ...
     0 1 1 1 1 ...
     0 1 0 0 1 ...
     0 1 0 0 1 ...
     0 1 0 0 1 ...
     0 1 1 1 1 ...
     0 0 0 0 0];
     
    [0 1 1 1 0 ...
     1 0 0 0 1 ...
     1 0 0 0 1 ...
     1 0 0 0 1 ...
     1 0 0 0 1 ...
     1 0 0 0 1 ...
     0 1 1 1 0];
 ];
% Transpose the variations
zero_variations = zero_variations';
zerotraget = [0 0 0 0 0 0 0 0 0 0 0 0 0 0 0 ];

zero_variations_1 = [
    % Digit "0" - Variation 1
    [0 0 0 1 0 ...
     0 0 1 0 1 ...
     0 1 0 0 1 ...
     0 0 1 0 1 ...
     0 0 0 1 0 ...
     0 0 0 0 0 ...
     0 0 0 0 0];

     % Digit "0" - Variation 2
    [0 0 0 0 0 ...
     1 1 1 1 0 ...
     1 0 0 1 0 ...
     1 0 0 1 0 ...
     1 1 1 1 0 ...
     0 0 0 0 0 ...
     0 0 0 0 0];
     
     % Digit "0" - Variation 3
    [0 1 1 1 1 ...
     0 1 0 0 1 ...
     0 1 0 0 1 ...
     0 1 0 0 1 ...
     0 1 1 1 1 ...
     0 0 0 0 0 ...
     0 0 0 0 0 ];
     
     % Digit "0" - Variation 4
    [0 0 0 0 0 ...
     0 0 0 0 0 ...
     0 1 1 1 0 ...
     1 1 0 1 1 ...
     1 0 0 0 1 ...
     1 1 0 1 1 ...
     0 1 1 1 0 ];
     
     % Digit "0" - Variation 5
    [0 0 0 0 0 ...
     0 0 0 0 0 ...
     0 0 0 0 0 ...
     0 0 0 0 0 ...
     1 1 1 0 0 ...
     1 0 1 0 0 ...
     0 1 0 0 0];
     
     % Digit "0" - Variation 6
    [0 0 0 0 0 ...
     0 1 1 0 0 ...
     1 0 0 1 0 ...
     1 0 0 1 0 ...
     1 1 0 1 0 ...
     0 0 1 0 0 ...
     0 0 0 0 0];
     
      % Digit "0" - Variation 7
    [0 0 0 0 0 ...
     0 0 0 0 0 ...
     0 0 1 1 1 ...
     0 0 1 0 1 ...
     0 0 1 0 1 ...
     0 0 1 0 1 ...
     0 0 1 1 1 ];
     
      % Digit "0" - Variation 8
    [1 1 1 1 0 ...
     1 0 0 0 1 ...
     1 0 0 0 1 ...
     1 0 0 0 1 ...
     1 0 0 0 1 ...
     0 1 1 1 1 ...
     0 0 0 0 0 ];
     
      % Digit "0" - Variation 9
    [0 0 0 0 0 ...
     1 1 1 1 1 ...
     1 1 0 1 1 ...
     1 0 0 0 1 ...
     1 1 0 1 1 ...
     1 1 1 1 1 ...
     0 0 0 0 0];
     
     % Digit "0" - Variation 10
    [0 0 0 0 0 ...
     0 1 1 1 0 ...
     1 0 0 0 1 ...
     0 1 1 1 0 ...
     0 0 0 0 0 ...
     0 0 0 0 0 ...
     0 0 0 0 0 ];
     
     % Digit "0" - Variation 11
    [0 1 1 1 1 ...
     0 1 0 0 1 ...
     0 1 0 0 1 ...
     0 1 1 1 1 ...
     0 0 0 0 0 ...
     0 0 0 0 0 ...
     0 0 0 0 0];
     
     % Digit "0" - Variation 12
    [0 0 0 0 0 ...
     0 0 0 0 0 ...
     0 1 1 0 0 ...
     1 0 1 0 0 ...
     0 1 0 0 0 ...
     0 0 0 0 0 ...
     0 0 0 0 0 ];
     
     % Digit "0" - Variation 13
    [0 0 0 0 0 ...
     0 0 0 0 0 ...
     0 1 1 1 0 ...
     0 1 0 1 0 ...
     0 1 0 1 0 ...
     0 1 1 1 0 ...
     0 0 0 0 0];
     
     % Digit "0" - Variation 14
    [0 0 0 0 0 ...
     0 0 0 0 0 ...
     0 1 1 1 0 ...
     0 1 0 0 1 ...
     0 1 0 0 1 ...
     0 0 1 1 0 ...
     0 0 0 0 0];
     
    [0 1 1 1 0 ...
     1 0 0 1 0 ...
     1 0 0 1 0 ...
     1 0 0 1 0 ...
     1 0 0 1 0 ...
     1 0 0 1 0 ...
     0 1 1 1 0];
 ];
% Transpose the variations
zero_variations_1 = zero_variations_1';
zerotraget_1 = [0 0 0 0 0 0 0 0 0 0 0 0 0 0 0 ];

% Variations for Digit "1"
one_variations = [
    % Digit "1" - Variation 1
   [0 0 0 1 0 ...
    0 0 1 1 0 ...
    0 0 0 1 0 ...
    0 0 0 1 0 ...
    0 0 0 1 0 ...
    0 0 0 1 0 ...
    0 0 1 1 1];

    % Digit "1" - Variation 2
   [0 0 0 0 0 ...
    0 0 0 1 0 ...
    0 0 0 1 0 ...
    0 0 0 1 0 ...
    0 0 0 1 0 ...
    0 0 1 1 1 ...
    1 1 1 1 1];

    % Digit "1" - Variation 3
   [0 0 0 0 0 ...
    0 0 0 0 0 ...
    0 0 0 0 0 ...
    0 0 0 1 0 ...
    0 0 0 0 0 ...
    0 0 0 0 0 ...
    0 0 0 0 0];

    % Digit "1" - Variation 4
   [0 0 1 0 0 ...
    0 1 1 0 0 ...
    0 0 1 0 0 ...
    0 0 1 0 0 ...
    0 0 1 0 0 ...
    0 0 1 0 0 ...
    0 1 1 1 0];

    % Digit "1" - Variation 5
    [0 0 1 0 0 ...
     0 1 1 0 0 ...
     0 0 1 0 0 ...
     0 0 1 0 0 ...
     0 0 1 0 0 ...
     0 0 1 0 0 ...
     0 1 1 1 0];

    % Digit "1" - Variation 6
   [0 0 0 0 1 ...
    0 0 0 0 0 ...
    0 0 0 0 1 ...
    0 0 0 0 1 ...
    0 0 0 0 1 ...
    0 0 0 0 1 ...
    0 1 1 1 0];

    % Digit "1" - Variation 7
   [0 0 0 0 0 ...
    0 0 0 0 0 ...
    0 0 0 0 1 ...
    0 0 0 0 1 ...
    0 0 0 0 1 ...
    0 0 0 0 1 ...
    0 0 0 0 0];

    % Digit "1" - Variation 8
   [0 0 0 0 1 ...
    0 0 0 0 1 ...
    0 0 0 0 1 ...
    0 0 0 0 1 ...
    0 0 0 0 1 ...
    0 0 0 0 1 ...
    0 0 0 0 1];

    % Digit "1" - Variation 9
   [1 0 0 0 0 ...
    1 0 0 0 0 ...
    1 0 0 0 0 ...
    1 0 0 0 0 ...
    1 0 0 0 0 ...
    1 0 0 0 0 ...
    1 0 0 0 0];

    % Digit "1" - Variation 10
   [0 0 0 1 0 ...
    0 0 1 1 0 ...
    0 0 0 1 0 ...
    0 0 0 1 0 ...
    0 0 0 1 0 ...
    0 0 0 1 0 ...
    0 0 0 1 0];
    
     % Digit "1" - Variation 11
   [0 0 0 0 0 ...
    0 0 0 0 0 ...
    0 0 0 1 0 ...
    0 0 0 1 0 ...
    0 0 0 1 0 ...
    0 0 0 1 0 ...
    0 0 1 1 0];
    
     % Digit "1" - Variation 12
   [0 0 0 0 0 ...
    0 0 1 1 0 ...
    0 0 0 1 0 ...
    0 0 0 1 0 ...
    0 0 0 1 0 ...
    0 0 0 0 0 ...
    0 0 0 0 0];
    
     % Digit "1" - Variation 13
   [0 0 0 1 0 ...
    0 0 1 1 0 ...
    0 0 0 1 0 ...
    0 0 0 1 0 ...
    0 0 0 0 0 ...
    0 0 0 0 0 ...
    0 0 0 0 0];
    
     % Digit "1" - Variation 14
   [0 0 0 0 0 ...
    0 0 0 1 0 ...
    0 0 0 1 0 ...
    0 0 0 1 0 ...
    0 0 0 1 0 ...
    0 0 0 1 0 ...
    0 0 0 1 1];
    
    
     % Digit "1" - Variation 15
   [1 0 0 0 0 ...
    0 0 0 0 0 ...
    0 1 0 0 0 ...
    0 1 0 0 0 ...
    0 1 0 0 0 ...
    0 1 0 0 0 ...
    1 1 0 0 0];
];

% Transpose the variations
one_variations = one_variations';
onetraget = [1 1 1 1 1 1 1 1 1 1 1 1 1 1 1 ];


% Variations for Digit "1"
